0:RECOVERY:00 00 00 00 00 00 CC 01 00 00 28 00 00 00 00 00 00 00  -->1CC 28 40¿é
0:BOOT:00 00 00 00 00 00 00 00 00 00 F4 01 00 00 28 00 00 00 00 00 00 00  -->1F4 28 40¿é
0:SPLASH:00 00 00 00 00 00 00 00 1C 02 00 00 0C 00 00 00 00 00 00 00  -->21C 0C 12¿é   
0:MISC: 00 00 00 00 00 00 00 00 00 00 28 02 00 00 04 00 00 00 00 00 00 00  -->228 04 4¿é
 
0:CACHE:00 00 00 00 00 00 00 00 00 2C 02 00 00 2C 01 00 00 00 00 00 00  -->22C 12C 300¿é 37.5M
0:CACHE:00 00 00 00 00 00 00 00 00 2C 02 00 00 28 00 00 00 00 00 00 00  -->22C 28 40¿é 5M  
 
0:SYSTEM:00 00 00 00 00 00 00 00 58 03 00 00 E0 06 00 00 00 00 00 00  -->358 6E0 1760¿é 220M 
0:SYSTEM:00 00 00 00 00 00 00 00 54 02 00 00 40 06 00 00 00 00 00 00  -->254 640 1600 200M 
 
0:USERDATA:00 00 00 00 00 00 38 0A 00 00 14 05 00 00 00 00 00 00  -->A38 514 1300¿é 162.5M
0:USERDATA:00 00 00 00 00 00 94 08 00 00 38 07 00 00 00 00 00 00  -->894 738 1848¿é 231M
 
0:OEM:00 00 00 00 00 00 00 00 00 00 00 4C 0F 00 00 A8 00 00 00 00 00 00 00  -->F4C A8 168¿é 21M
0:OEM:00 00 00 00 00 00 00 00 00 00 00 CC 0F 00 00 28 00 00 00 00 00 00 00  -->F4C 28 40¿é 5M

0:PERSIST:00 00 00 00 00 00 00 F4 0F 00 00 0C 00 00 00 00 00 00 00  -->FF4 0C